Jizan to India (Mumbai):
  [(42.53, 16.88), (42.95, 14.8), (43.4, 12.4), (45.03, 12.78), (50.0, 12.0), (55.0, 13.0)]
Jizan to Malaysia Barat (Kiri):
  [(42.53, 16.88), (42.95, 14.8), (43.4, 12.4), (45.03, 12.78), (50.0, 12.0), (55.0, 13.0)]
Jizan to Singapura:
  [(42.53, 16.88), (42.95, 14.8), (43.4, 12.4), (45.03, 12.78), (50.0, 12.0), (55.0, 13.0)]
Jizan to Jakarta:
  [(42.53, 16.88), (42.95, 14.8), (43.4, 12.4), (45.03, 12.78), (50.0, 12.0), (55.0, 13.0)]
Jizan to China (Shanghai):
  [(42.53, 16.88), (42.95, 14.8), (43.4, 12.4), (45.03, 12.78), (50.0, 12.0), (55.0, 13.0)]
Jizan to Jepang (Tokyo):
  [(42.53, 16.88), (42.95, 14.8), (43.4, 12.4), (45.03, 12.78), (50.0, 12.0), (55.0, 13.0)]
Jizan to Korea Selatan:
  [(42.53, 16.88), (42.95, 14.8), (43.4, 12.4), (45.03, 12.78), (50.0, 12.0), (55.0, 13.0)]
Jizan to Bangladesh:
  [(42.53, 16.88), (42.95, 14.8), (43.4, 12.4), (45.03, 12.78), (50.0, 12.0), (55.0, 13.0)]
Jizan to Myanmar (Selatan):
  [(42.53, 16.88), (42.95, 14.8), (43.4, 12.4), (45.03, 12.78), (50.0, 12.0), (55.0, 13.0)]
Jizan to Hainan:
  [(42.53, 16.88), (42.95, 14.8), (43.4, 12.4), (45.03, 12.78), (50.0, 12.0), (55.0, 13.0)]
Jizan to Filipina (Utara):
  [(42.53, 16.88), (42.95, 14.8), (43.4, 12.4), (45.03, 12.78), (50.0, 12.0), (55.0, 13.0)]
Jizan to Korea Utara:
  [(42.53, 16.88), (42.95, 14.8), (43.4, 12.4), (45.03, 12.78), (50.0, 12.0), (55.0, 13.0)]
Jizan to Rusia (Vladivostok):
  [(42.53, 16.88), (42.95, 14.8), (43.4, 12.4), (45.03, 12.78), (50.0, 12.0), (55.0, 13.0)]
